9.468576815344297015e-02 inf inf inf
1.120124041465491854e-01 inf inf inf
1.325096572312450816e-01 inf inf inf
1.567577215517072797e-01 inf inf inf
1.854429615133621756e-01 inf inf inf
2.193773399768566834e-01 inf inf inf
2.595214016351523600e-01 9.135962097437958419e+07 2.031837980996153057e+08 5.846810546398900449e+07
3.070114621399790966e-01 4.823148094522193074e+06 6.376175928617314436e+06 3.840812627609058749e+06
3.631917725916011253e-01 2.408185198853525799e+06 3.253152398645186331e+06 1.893326948002489517e+06
4.296525698382131497e-01 2.622035625901012099e+05 3.057141757241603918e+05 2.271105320580048137e+05
5.082750896346971414e-01 9.234987068550450203e+04 1.011566756274062645e+05 8.401123800658855180e+04
6.012848168007918215e-01 4.396807982621235715e+04 4.793602812524905312e+04 4.015455987947857648e+04
7.113144796747898901e-01 2.423535382058825053e+04 2.641071668959495219e+04 2.214160400010448939e+04
8.414785719803837827e-01 1.488164558038891846e+04 1.638597747671617981e+04 1.347973710063567341e+04
9.954615115186188357e-01 5.229451045609045650e+03 5.963965515159844472e+03 4.606009833216734478e+03
1.177621931100146568e+00 3.160568188024981282e+03 3.613724483358040743e+03 2.778292366651448901e+03
1.393116053771306095e+00 1.991904934467505200e+03 2.360521514123963698e+03 1.704881224693392141e+03
1.648043644586550505e+00 2.443467658672305788e+03 3.164464388728653375e+03 1.970480029167169050e+03
1.949620670230239661e+00 1.006837027513633757e+03 1.581240188451630956e+03 7.320021969374481614e+02
