9.468576815344297015e-02 8.224948277452988550e+06 9.297510794567378238e+06 7.294496566645271145e+06
1.120124041465491854e-01 5.063993689108422957e+06 5.793103675641790964e+06 4.449697826389801688e+06
1.325096572312450816e-01 3.136555168855367694e+06 3.518839114338390063e+06 2.798411009070305619e+06
1.567577215517072797e-01 1.483318085852290969e+06 1.640167740422939183e+06 1.338945758547350531e+06
1.854429615133621756e-01 8.138125697416138137e+05 8.879694860641947016e+05 7.427275748195628403e+05
2.193773399768566834e-01 5.634241236422634684e+05 6.133646557447606465e+05 5.151938663014525082e+05
2.595214016351523600e-01 3.616509962753503351e+05 3.922461374136347440e+05 3.317305661069506896e+05
3.070114621399790966e-01 1.857190940136399004e+05 1.983251001399900415e+05 1.726403039075410343e+05
3.631917725916011253e-01 1.122792323924967786e+05 1.197951002335009689e+05 1.044521636866454355e+05
4.296525698382131497e-01 4.361266512824942765e+04 4.610266302757889207e+04 4.090457865910242253e+04
5.082750896346971414e-01 1.927150857026869198e+04 2.026187535700781882e+04 1.816227556578592339e+04
6.012848168007918215e-01 1.312558226148210088e+04 1.379420331110889492e+04 1.237484633234577268e+04
7.113144796747898901e-01 8.227213545995409731e+03 8.627484488928868814e+03 7.771860379500824820e+03
8.414785719803837827e-01 5.517636408955381739e+03 5.833506679327018901e+03 5.174355672125007914e+03
9.954615115186188357e-01 3.776044527315530559e+03 4.102206038847608397e+03 3.458854021115334035e+03
1.177621931100146568e+00 2.034534832140305298e+03 2.261967348993036012e+03 1.828398526446817868e+03
1.393116053771306095e+00 1.686667548273010198e+03 1.918062487114837950e+03 1.488890667699198502e+03
1.648043644586550505e+00 1.010945138179861260e+03 1.172471751745626307e+03 8.791125336278574878e+02
1.949620670230239661e+00 5.042659932877056121e+02 6.440486079706552118e+02 4.102283314548500357e+02
