9.468576815344297015e-02 2.006087035128997639e+06 2.065561892628829461e+06 1.927097855310420971e+06
1.120124041465491854e-01 1.139691635634328239e+06 1.168220907383222366e+06 1.099434468847484095e+06
1.325096572312450816e-01 6.544568314085210441e+05 6.700282499937511748e+05 6.320597527826271253e+05
1.567577215517072797e-01 3.942543903774611535e+05 4.025196855936069041e+05 3.817597700456993771e+05
1.854429615133621756e-01 2.399932876640871109e+05 2.445615979352656577e+05 2.328054854625720473e+05
2.193773399768566834e-01 1.549442292034611164e+05 1.576929241534457251e+05 1.504859618526945414e+05
2.595214016351523600e-01 9.416996435108891455e+04 9.572855752708265209e+04 9.156258215437160106e+04
3.070114621399790966e-01 6.049770873804802250e+04 6.147467465732009441e+04 5.884491450302112207e+04
3.631917725916011253e-01 3.934590670418440277e+04 3.998759579462943657e+04 3.826520823659502639e+04
4.296525698382131497e-01 2.583033213500484999e+04 2.623728013101614124e+04 2.513398457330602105e+04
5.082750896346971414e-01 1.697179921787161220e+04 1.723618937536768863e+04 1.651701367760961875e+04
6.012848168007918215e-01 1.135409780914358998e+04 1.153736402799804819e+04 1.104398594020715791e+04
7.113144796747898901e-01 7.201783795807907154e+03 7.321609042490343199e+03 7.001804598656432063e+03
8.414785719803837827e-01 4.615284594500642015e+03 4.704583216255032312e+03 4.475747269211817184e+03
9.954615115186188357e-01 3.078739105504598228e+03 3.185248327708766283e+03 2.944377161977801734e+03
1.177621931100146568e+00 2.069762607929907517e+03 2.147008271299810531e+03 1.974637598458064076e+03
1.393116053771306095e+00 1.416448846040858143e+03 1.482759957994923070e+03 1.340170966097546398e+03
1.648043644586550505e+00 1.074840671889537816e+03 1.147545242292435432e+03 9.993388929223413015e+02
1.949620670230239661e+00 6.479220802784698208e+02 7.296066451896555236e+02 5.763651311732212434e+02
